38785
30109
2746
50292
5539
40917
31786
21846
3702
6687
46238
4076
17579
7856
23840
11678
45183
10582
59896
56392
47927
56824
30250
27005
15764
23900
9836
60090
52471
13963
39081
25720
44072
41827
10477
49611
17208
42263
5922
20911
48951
52160
24987
994
60016
48827
12672
39663
59410
7033
30519
41801
63857
60769
3270
14085
19133
13106
8640
6068
27069
47721
31789
5605
24012
42266
55217
41221
18993
61139
62132
2408
47763
21583
3403
42244
4875
16075
16371
64285
23108
46891
40550
21429
42124
43820
35515
61258
56927
44155
1790
18460
26340
33579
24066
50352
10309
13747
26037
29303
9350
22633
31711
57113
44217
35114
33821
49092
51190
50193
47841
8762
31548
22855
30192
8136
1139
171
3858
58066
44326
5649
10991
5130
39228
35057
55482
49538
48804
15984
13305
58154
38617
45016
49731
17298
14595
18017
854
249
2674
48695
9011
34222
6014
39203
42358
7154
39374
46217
65220
18164
51866
10675
23294
25558
45732
13241
9560
29000
29225
22865
21618
2306
2346
5814
19605
16941
23831
20459
17190
26505
3619
26201
60727
9633
65405
37549
16787
39243
18230
16472
57408
4560
27147
15166
30119
7344
28407
39679
36344
57632
62545
57963
59939
64891
63777
14008
16296
22072
34467
33486
48577
38086
59687
43768
47720
59556
15781
64507
33264
34012
15443
25136
38572
42591
40302
3155
49935
3174
42835
20743
60806
39844
13170
55209
39199
11411
3681
55495
33483
38149
23445
16524
10699
17596
60292
58419
11617
10538
57391
44881
44550
7298
4481
17586
49889
44783
20742
34288
47957
63577
55032
43228
37885
2666
32901
11548
14078
36583
1507
47561
9196
24952
64086
19895
42548
58842
12779
54165
3844
4634
33510
48394
11932
37991
445
61822
17239
21187
30574
65196
19228
20070
42888
57113
22737
10254
3125
36815
46837
4632
18840
56033
29584
17390
10392
6596
10697
23171
60762
14541
27805
28736
62936
39738
1192
63381
36024
18431
19032
1062
18091
38260
21133
60980
29837
43870
5698
32962
15149
52535
37594
33989
43032
1642
51380
53424
8238
62077
11060
3464
11082
38865
32201
8482
13067
33393
6327
49091
51824
25359
50154
4379
63619
5751
65359
27920
49621
5521
60882
64770
58056
32940
33223
35552
34582
19067
23441
42821
15608
34501
46285
26691
7830
12950
35173
20898
46343
41501
4453
32631
1324
54607
37011
64944
60358
36834
27328
44443
42356
22675
43677
34876
55615
11365
4893
24662
30432
28334
1947
46041
62835
48232
7196
5129
61183
42369
26027
41990
18334
30481
9086
19659
19552
46097
19067
14375
17395
46395
58818
59751
3534
36960
29092
59150
48325
33985
18276
13221
62319
20223
59262
59618
2919
922
64747
64102
43292
25239
40557
61626
55720
49643
15749
9736
30204
34816
24111
47599
15676
17394
41815
19210
54354
5371
12824
37143
39356
31100
50364
36139
51323
44091
30221
54243
45013
29432
52809
22769
54671
27830
18860
44855
11937
34609
54592
42141
3890
13167
24205
19566
30561
484
38776
19379
5855
51601
56522
45211
17165
41351
15814
2953
19906
46035
57196
64919
9931
44469
22153
64603
6764
41013
43922
18701
10086
32978
60843
13976
46146
19512
33542
11171
19996
6783
30551
25851
58384
21537
5526
10013
62888
21340
12966
17258
1839
4626
16642
11770
49096
38795
10837
55860
14272
54760
9025
24358
22202
4332
38335
2812
23844
6341
13984
43840
13124
44535
4155
5972
536
9681
15986
63425
31021
28952
15147
32860
33579
31789
44631
17139
5048
55468
7463
19320
44692
16488
43679
1359
20821
16478
4171
44665
22819
18155
22970
35944
62690
27125
41916
63227
36807
57902
61116
2292
21319
10727
35153
54898
42517
14248
6501
47565
4180
13964
1350
48873
30452
45029
50232
51273
61507
54403
30403
18790
7023
53373
54734
4177
14962
31115
1868
51769
23481
62984
54062
44800
8176
23679
34162
50693
37927
40663
32722
42107
54627
34072
25444
19544
13565
10140
5281
9536
64544
35684
28327
6031
23521
17525
10208
38484
48640
12077
24717
6586
9525
13243
51386
17701
36922
20013
2858
9313
60676
35581
51421
49768
4117
11329
3776
17683
21470
9057
27219
20478
44742
55546
26509
2727
7536
36717
41211
56176
48794
393
62762
58320
13636
48613
10485
50559
3090
13344
59872
63766
48925
45757
47998
53042
57087
51774
5189
13021
60832
32409
33499
40038
22419
60008
42765
29955
31189
18441
20596
14448
18834
17822
7232
32470
899
17717
17493
3989
31061
11830
2220
14450
57587
50218
1957
49138
36457
7146
62159
31753
39555
30122
6255
61975
24594
49020
26394
55784
1925
46990
4696
20759
64813
11928
53230
176
29645
5187
4166
60707
17017
6386
9621
9069
56604
11578
58207
27525
18725
54831
59278
58280
19417
65533
54719
44012
49018
15578
34260
50943
62568
38956
6167
61845
50884
59397
62022
14993
64584
652
10164
16066
7038
19786
25135
63642
31364
17806
25632
50089
7101
19374
42834
26519
19372
32017
4995
2854
47595
39255
53797
44628
12675
59964
40937
63559
53825
37423
13016
52874
38075
23181
3404
45113
42967
28539
43220
8795
46345
3316
58885
53447
22690
36183
14430
42062
2664
19425
44916
50260
58680
33178
29352
5819
27606
4753
3842
15896
42177
16858
3234
14716
40039
6638
59830
17470
35177
37514
26266
15986
40830
19615
3897
63520
55798
18327
40047
58462
37752
19427
43186
30896
52605
7002
36715
14676
11756
40557
30572
53933
57416
33806
3113
31919
40444
62943
49390
10085
34921
10120
26071
10215
29735
29969
8200
19997
48296
48247
12923
20513
2138
56110
51409
54744
63112
22589
3884
9332
63146
34456
63265
55026
2726
843
21410
43170
63786
5264
53255
33172
15384
13790
43387
45119
43759
51587
65116
26520
34298
12503
47033
36437
3077
32906
25645
654
55495
29529
9986
53106
63985
7716
42596
1175
8559
64006
44345
6809
3734
32064
39981
19118
45854
17833
64237
24078
3884
63817
50598
38183
10785
32095
9084
13862
65001
34729
14516
54961
64258
24503
42531
62707
32219
19591
63882
40778
18062
42691
47587
21796
9219
22033
40915
55073
39866
39616
13615
43750
37898
64213
16397
48683
30772
25481
62545
30238
60210
11526
19663
58932
36029
62194
56103
2712
16249
54449
43490
34311
31604
25541
56108
40823
47574
31487
30361
21904
5567
43976
119
43465
42654
16516
26612
7890
